%YAML:1.0
ImageSize: [ 640, 400 ]
E: !!opencv-matrix
   rows: 3
   cols: 3
   dt: d
   data: [ -1.4407439202601440e-05, -5.0760354003943162e-03,
       -3.6364281447292747e-03, 5.3200044384211853e-03,
       9.5867693795780593e-04, -8.2867097465738546e-02,
       3.9498362971290063e-03, 8.2862409818024910e-02,
       9.9130532255281112e-04 ]
F: !!opencv-matrix
   rows: 3
   cols: 3
   dt: d
   data: [ -5.4533935197581347e-08, -1.9213420351324468e-05,
       -3.1745842582234841e-03, 2.0136873264981135e-05,
       3.6287105067614528e-06, -1.6728033101507225e-01,
       3.6288211899376398e-03, 1.6552848772556764e-01, 1. ]
Q: !!opencv-matrix
   rows: 4
   cols: 4
   dt: d
   data: [ 1., 0., 0., -3.4471916961669922e+02, 0., 1., 0.,
       -2.0446976661682129e+02, 0., 0., 0., 3.9587369770876734e+02, 0.,
       0., -1.3768623778123670e+01, 0. ]
rms: 1.6456286516132186e+00
left_cameraMatrix: !!opencv-matrix
   rows: 3
   cols: 3
   dt: d
   data: [415.322011, 0, 313.360348, 0, 416.459335, 181.660409, 0, 0, 1]
left_distCoeffs: !!opencv-matrix
   rows: 1
   cols: 5
   dt: d
   data:  [-0.010971, -0.077097, -0.007257, -0.010744, 0]
left_validRoi: [ 0, 0, 0, 0 ]
left_P: !!opencv-matrix
   rows: 3
   cols: 4
   dt: d
   data: [433.812194, 0, 337.494003, -34.083392, 0, 433.812194, 176.695019, 0, 0, 0, 1, 0]
left_R: !!opencv-matrix
   rows: 3
   cols: 3
   dt: d
   data:  [0.998153, -0.003609, -0.060645, 0.003402, 0.999988, -0.003515, 0.060657, 0.003302, 0.998153]
right_cameraMatrix: !!opencv-matrix
   rows: 3
   cols: 3
   dt: d
   data: [414.872943, 0, 316.062049, 0, 414.065879, 191.817217, 0, 0, 1]
right_distCoeffs: !!opencv-matrix
   rows: 1
   cols: 5
   dt: d
   data: [-0.008932, -0.071132, -0.007234, -0.006453, 0]
right_validRoi: [ 0, 0, 0, 0 ]
right_P: !!opencv-matrix
   rows: 3
   cols: 4
   dt: d
   data: [433.812194, 0, 337.494003, 0, 0, 433.812194, 176.695019, 0, 0, 0, 1, 0]
right_R: !!opencv-matrix
   rows: 3
   cols: 3
   dt: d
   data: [0.998664, -0.000563, -0.051665, 0.000739, 0.999994, 0.003392, 0.051663, -0.003425, 0.998659]
